-0.00287155
-0.0006067
-0.000698751
-0.000869558
-0.00168431
-0.00108732
-0.000547263
-0.000325839
-0.0027293
-0.00226097
-0.000184361
-0.000169192
-0.000305018
-0.00147313
-0.000884856
-0.000464159
-0.000212808
-0.00227853
-0.0014011
-0.000545269
-0.000446446
-0.000700491
-0.00167499
-0.001755
-0.000837596
-0.000406833
-0.00120999
-0.00138016
-0.000303965
-0.000269093
-0.000547881
-0.0015526
-0.00121204
-0.000524169
-0.000222465
-0.00129016
-0.00244384
-0.000387636
-0.000727281
-0.0010869
-0.00202695
-0.000988986
-0.000606367
-0.000295381
-0.00233917
-0.00248577
-0.000265164
-0.000210279
-0.000185333
-8.14179e-006
-3.74851e-005
-3.64168e-005
-2.37515e-005
-0.00236079
-0.00136585
-0.000267854
-0.000303901
-0.00108762
-0.00197451
-0.00128516
-0.000540972
-0.000324115
-0.00140735
-0.00142728
-0.000352469
-0.000200004
-0.000173567
-4.02909e-005
-0.000113399
-7.10373e-005
-7.45478e-005
-0.00138245
-0.00232595
-0.000535494
-0.000607222
-0.000621062
-0.000119403
-4.8699e-006
-2.76806e-005
-3.15147e-005
-0.00221863
-0.00220541
-0.00040497
-0.000552058
-0.0006723
-0.000342814
-0.000115037
-8.28003e-005
-6.20336e-005
-0.00221114
-0.00139878
-0.000235559
-0.000114697
-7.68838e-005
-1.51679e-005
-0.000151443
-9.88104e-005
-9.59049e-005
-0.00139725
-0.00120928
-7.5188e-005
-6.31134e-005
-9.06476e-005
-0.000208526
-0.00020671
-0.000128559
-8.50865e-005
-0.00123434
-0.00226254
-4.0238e-005
-7.79082e-005
-0.000113479
-0.000130215
-0.000172773
-0.000134441
-6.77294e-005
-0.00230478
-0.00240565
-8.70846e-005
-9.24047e-005
-8.13562e-005
-0.000227918
-0.00021998
-0.000211072
-0.000210105
-0.00251123
-0.00102334
-5.68417e-005
-7.87856e-005
-0.000124818
-0.000128869
-0.000105403
-8.8739e-005
-3.72593e-005
-0.00102834
-0.00114014
-0.000139462
-0.000153985
-0.000237379
-0.000255883
-0.000209542
-0.000224347
-0.000160104
-0.0011387
-0.00223805
-0.000196767
-0.000173165
-0.000298446
-0.000931858
-0.000420747
-0.000239481
-0.000352768
-0.00228189
-0.00310485
-0.000729932
-0.000924533
-0.00144892
-0.00213791
-0.00139303
-0.000557682
-0.000718632
-0.0031564
-0.0012278
-9.40619e-005
-7.29761e-005
-0.000217998
-0.000792027
-0.000404512
-0.000284604
-0.000246571
-0.00122066
-0.00218369
-0.000518257
-0.000749661
-0.00121803
-0.00171957
-0.00166257
-0.00106262
-0.000557684
-0.00198368
-0.00203511
-0.000803964
-0.000906801
-0.00109946
-0.00198671
-0.000798014
-0.000548806
-0.000595631
-0.00199498
-0.00247172
-0.000355479
-0.000358493
-0.00122019
-0.00516201
-0.00336516
-0.00204418
-0.00181938
-0.00245051
-0.00152388
-0.000512827
-0.000461683
-0.000583194
-0.00159254
-0.000964107
-0.000915139
-0.000727806
-0.00143788
-0.00157935
-0.000314084
-0.000334959
-0.00038549
-0.00324246
-0.00167906
-0.000604108
-0.000517481
-0.00166225
-0.00167713
-0.000144584
-0.000168974
-0.000510804
-0.0026276
-0.00232508
-0.00144385
-0.00119272
-0.00220714
-0.00234409
-0.000100972
-0.000124735
-0.000295182
-0.00287027
-0.003134
-0.00265523
-0.00241282
-0.00280957
-0.00103347
-0.000106038
-0.000100024
-0.000199966
-0.00148646
-0.00134407
-0.000815164
-0.000488141
-0.00138309
-0.00113176
-0.000115299
-0.000137117
-0.000317996
-0.00297323
-0.00204336
-0.00181939
-0.00120931
-0.0017596
-0.0016982
-0.000327855
-0.000208908
-0.000738892
-0.00181215
-0.00192792
-0.000573955
-0.000417692
-0.00174428
-0.00179655
-0.000253527
-0.000186026
-0.000615105
-0.000930853
-0.000779776
-0.000361058
-0.000215723
-0.00176229
-0.0021403
-0.00035445
-0.000216481
-0.00124008
-0.00182207
-0.0013905
-0.00055367
-0.000424042
-0.00220923
-0.00217991
-0.000426327
-0.000483682
-0.00063
-0.000961094
-0.000419005
-0.000402467
-0.000212722
-0.00222851
-0.00157848
-0.00046135
-0.000517366
-0.00144889
-0.00196607
-0.000911291
-0.000615415
-0.000409035
-0.00174221
-0.00146078
-0.000856476
-0.00043088
-0.000717399
-0.000601528
-0.00068124
-0.000407109
-0.000382477
-0.00140617
-0.00182035
-0.000473368
-0.00109178
-0.00126239
-0.00190551
-0.000703013
-0.00117739
-0.000431929
-0.00195116
-0.00180281
-0.000368766
-0.000315991
-0.000278399
-0.000280536
-0.000357794
-0.000390739
-0.000196628
-0.00221171
-0.00133402
-0.000600406
-0.000266608
-0.000530649
-0.0005043
-0.000593166
-0.000255936
-0.000324421
-0.00133446
-0.00131971
-0.00028577
-0.00026218
-0.000416865
-0.000675006
-0.000639755
-0.000287877
-0.000267245
-0.00132298
-0.00167535
-0.000218061
-0.00021105
-0.000210369
-0.000300981
-0.000242426
-0.000127037
-0.000104318
-0.00185422
-0.0020829
-0.00017746
-0.000284443
-0.000232698
-0.000426908
-0.000217025
-7.61046e-005
-9.8538e-005
-0.00209096
-0.00137439
-0.000359269
-0.000580718
-0.000652889
-0.00107527
-0.000801916
-0.000399686
-0.000255866
-0.00137558
-0.00163858
-0.000744556
-0.000949141
-0.00117107
-0.00143935
-0.000735331
-0.000632485
-0.000447073
-0.00150251
-0.00096494
-0.000201598
-0.000384236
-0.000305504
-0.000654718
-0.000317456
-0.000262754
-0.000273654
-0.000916819
-0.00131631
-0.000669643
-0.000678998
-0.000737229
-0.000898642
-0.000581692
-0.000585014
-0.00048164
-0.00109884
-0.0014329
-0.0003896
-0.000388594
-0.000955389
-0.00151723
-0.00082447
-0.000550127
-0.000433316
-0.00144533
-0.00220478
-0.000823651
-0.00121862
-0.00213068
-0.00280576
-0.00217168
-0.00167241
-0.00128022
-0.00230743
-0.000990293
-0.000286687
-0.000365156
-0.000751235
-0.0013028
-0.000527089
-0.000247262
-0.000156491
-0.000914903
-0.00148373
-0.000643077
-0.000957843
-0.00201028
-0.00265202
-0.00202898
-0.000827188
-0.000747059
-0.00159401
-0.00173265
-0.000903786
-0.00099502
-0.00145107
-0.00261815
-0.00198149
-0.00142058
-0.00123402
-0.00170047
-0.00160909
-0.00084623
-0.000936955
-0.00188177
-0.00386173
-0.00163423
-0.000621858
-0.000581018
-0.00137287
-0.0011033
-0.000678885
-0.000739221
-0.00145171
-0.00239736
-0.00155596
-0.00087979
-0.000885295
-0.00123165
-0.00152346
-0.00100459
-0.000981798
-0.00331427
-0.00487008
-0.00283849
-0.000981914
-0.000790778
-0.0012797
-0.000964222
-0.000208809
-0.000269588
-0.000579952
-0.00207213
-0.00100415
-0.000445831
-0.000235483
-0.00129902
-0.00121398
-0.000305501
-0.000536508
-0.00133773
-0.00393517
-0.00293669
-0.00237688
-0.000915513
-0.00213028
-0.00108787
-0.000237672
-0.000312299
-0.000881318
-0.00204475
-0.000912213
-0.00037632
-0.00032783
-0.00118033
-0.0014176
-0.000239984
-0.000690413
-0.0012684
-0.00398435
-0.00356842
-0.00194277
-0.000865609
-0.00167315
-0.00179544
-0.00056286
-0.000368329
-0.000910802
-0.00142194
-0.00113838
-0.000456735
-0.000323359
-0.00189654
-0.00165402
-0.000441508
-0.000479007
-0.000342832
-0.000988846
-0.000343702
-0.000272156
-0.000196515
-0.00155696
-0.00603671
-0.00174058
-0.00215296
-0.00128448
-0.0031263
-0.00262423
-0.00249519
-0.00171544
-0.0059962
-0.00484847
-0.00127931
-0.00191427
-0.00160186
-0.00350142
-0.00211514
-0.00183512
-0.00140653
-0.00499939
-0.00155526
-0.000252478
-0.000589103
-0.000322275
-0.00129823
-0.000225084
-0.000307271
-0.000190908
-0.00166334
-0.00188037
-0.000849356
-0.000394023
-0.000237768
-0.000969919
-0.000268985
-0.000167347
-0.000251017
-0.00303291
-0.00561374
-0.000790726
-0.0010163
-0.00118561
-0.00506786
-0.00162254
-0.00217796
-0.00124886
-0.00516455
-0.00449772
-0.00148432
-0.00176768
-0.00206097
-0.00272569
-0.00225169
-0.000839773
-0.000950523
-0.00452797
-0.0016909
-0.000467189
-0.000517917
-0.000400006
-0.00102314
-0.000729012
-0.000287174
-0.000264636
-0.00241702
-0.00176203
-0.000136434
-0.000497846
-0.000348482
-0.000853995
-0.000571262
-0.00020379
-8.85432e-005
-0.00241548
-0.00468755
-0.000881367
-0.00127052
-0.00179561
-0.00296662
-0.00221142
-0.000868079
-0.00127089
-0.00498435
-0.00428197
-0.000468982
-0.000855202
-0.00103797
-0.00201873
-0.000788746
-0.000554954
-0.000361507
-0.00447469
-0.00232589
7.17971e-006
-0.000653086
-0.000335148
-0.0010184
-0.000368223
-0.000374219
-0.000145807
-0.00299715
-0.00139709
-3.27362e-005
-6.74927e-005
-0.000127115
-0.000407892
-0.000744961
-0.000182004
-8.40975e-005
-0.00134323
-0.00537491
-0.000347564
-0.000996207
-0.00195312
-0.00401891
-0.00111437
-0.00157301
-0.000500672
-0.00541194
-0.003071
-1.64517e-005
-4.18802e-005
-0.000105965
-0.000403866
-0.000166449
-0.00019682
-0.000171213
-0.00318759
-0.00168576
-2.27355e-005
-0.0002608
-0.000173552
-0.000426521
-0.000474361
-0.000162027
-0.000109876
-0.00217691
-0.00178651
-0.000171049
-0.000562553
-0.000356053
-0.001149
-0.00117277
-0.000790184
-0.000430856
-0.00242568
-0.00263107
-8.64067e-005
-0.000103016
-0.000163797
-0.000396271
-0.000670758
-0.000496946
-0.000460957
-0.00270017
-0.00264022
-0.000195921
-0.000266521
-0.000301935
-0.00119441
-0.00156047
-0.00135653
-0.00074434
-0.00265937
-0.00184855
-0.000790681
-0.000593503
-0.000506041
-0.00143269
-0.000841047
-0.000762811
-0.000953117
-0.00223245
-0.00119843
-0.000624924
-0.000673752
-0.00147391
-0.00398882
-0.00221161
-0.000747001
-0.000561369
-0.00127204
-0.00238594
-0.000132185
-0.00019608
-0.000325528
-0.00105796
-0.0011743
-0.00078246
-0.000454663
-0.00242372
-0.00255663
-0.000421806
-0.000527926
-0.000748968
-0.00380832
-0.0016078
-0.0010309
-0.00095634
-0.00256536
-0.00127118
-0.000272642
-0.000356136
-0.000735044
-0.00171036
-0.000967504
-0.000480039
-0.000322052
-0.00105486
-0.00146059
-0.00059369
-0.000866979
-0.0013438
-0.00375933
-0.0036291
-0.0020351
-0.000826269
-0.00109446
-0.00148789
-0.000419048
-0.000318233
-0.000695516
-0.0019113
-0.00113211
-0.000910178
-0.00088965
-0.00187989
-0.00147778
-0.00115709
-0.000869533
-0.00150493
-0.00376383
-0.00329343
-0.00144905
-0.00060583
-0.0013513
-0.00436942
-0.000557669
-0.000712623
-0.000419931
-0.00240471
-0.00183205
-0.00137744
-0.000917353
-0.00448514
-0.00362271
-0.000652157
-0.00106124
-0.000952799
-0.00313291
-0.00114616
-0.000940844
-0.000752152
-0.0037719
-0.00438928
-0.000860093
-0.00104874
-0.000741691
-0.00297681
-0.0015494
-0.00126005
-0.000831381
-0.00411588
-0.00354032
-0.000967012
-0.00143599
-0.00120657
-0.00393165
-0.00144163
-0.000763045
-0.000636393
-0.0034101
-0.00330963
-0.000512423
-0.000756692
-0.000782413
-0.00319549
-0.00102438
-0.000488796
-0.00046188
-0.00343893
-0.00343371
-0.000806799
-0.00105827
-0.00130906
-0.00210767
-0.00174596
-0.000813828
-0.000629826
-0.00314449
-0.00261712
-0.000795858
-0.00130996
-0.000945367
-0.00563338
-0.00123593
-0.000600719
-0.000444792
-0.00268099
-0.00259972
-0.000790421
-0.00105815
-0.0012763
-0.00210688
-0.00173881
-0.00119208
-0.00102446
-0.00233719
-0.00381699
-0.000616588
-0.000788833
-0.00123154
-0.00242651
-0.00171359
-0.000633202
-0.000546157
-0.00337275
-0.00346835
-0.000369924
-0.000544117
-0.00106852
-0.00158231
-0.000340872
-0.000249221
-0.000208232
-0.00324501
-0.0031361
-0.000549119
-0.000783318
-0.00162798
-0.00238345
-0.00145289
-0.000903533
-0.000710287
-0.00262843
-0.00300686
-0.000418907
-0.000562429
-0.00107544
-0.00157376
-0.000394861
-0.000318897
-0.000503587
-0.00262399
-0.00340994
-0.000435388
-0.000763782
-0.0017878
-0.00325101
-0.000442055
-0.000533901
-0.000338108
-0.0035417
-0.00269641
-3.36973e-005
-5.3619e-006
-5.94026e-005
-0.000321358
-0.0002535
-0.000261875
-0.000258713
-0.00285878
-0.00301181
-0.000677915
-0.00109507
-0.0016873
-0.00301321
-0.000645391
-0.000746282
-0.00106065
-0.00292996
-0.001889
-7.00925e-005
-0.000134212
-6.68995e-005
-0.000290883
-0.00018996
-0.000296945
-7.69426e-005
-0.00188688
-0.00229374
-6.88413e-005
-6.4988e-005
-7.69791e-005
-0.000254077
-0.000730062
-0.000471065
-0.000389912
-0.00231656
-0.00234634
-4.15848e-005
-7.70464e-005
-8.04405e-005
-0.000417331
-0.000849896
-0.000790742
-0.000726075
-0.00235987
-0.00184487
-4.11553e-005
-0.000101017
-3.07582e-005
-0.0001046
-0.000226748
-0.000312902
-0.000150124
-0.00190045
-0.00228215
-5.27857e-005
-0.000145061
-5.12784e-005
-0.00017518
-0.000331483
-0.000394122
-0.000393491
-0.00260204
-0.00225919
-3.63971e-005
-5.1731e-005
-0.000114893
-0.00021148
-0.000337739
-0.0002284
-0.000239003
-0.00228969
-0.00233505
-6.15823e-005
-9.82511e-005
-0.000186446
-0.00436888
-0.00183624
-0.00102548
-0.000828205
-0.00242501
-0.00233105
-4.70848e-005
-0.000126654
-7.18953e-005
-0.000208685
-0.000221256
-0.000310174
-0.000272377
-0.00252535
-0.00223729
-3.87505e-005
-0.00012689
-4.79182e-005
-0.000756991
-0.00128529
-0.000860889
-0.000779998
-0.00249247
-0.00183522
-0.000609154
-0.000353978
-0.000741942
-0.00204163
-0.00190054
-0.00151308
-0.00177902
-0.00251886
-0.00178897
-0.0013991
-0.00135725
-0.00149365
-0.00297346
-0.00181806
-0.00145504
-0.00153353
-0.00185875
-0.00145459
-0.000116024
-0.000136982
-9.4398e-005
-0.00177434
-0.00186144
-0.00182572
-0.00176871
-0.00196957
-0.000810198
-0.000167733
-0.000184109
-0.000174686
-0.00183907
-0.00177334
-0.00137381
-0.00124864
-0.00133258
-0.00386786
-0.000589814
-0.000900834
-0.000835495
-0.00194193
-0.00110909
-0.000377696
-0.000283517
-0.00377624
-0.00300263
-0.000424745
-0.000538442
-0.000524573
-0.00253849
-0.000678895
-0.000380622
-0.000258079
-0.00294451
-0.0049044
-0.00108831
-0.00194797
-0.00117783
-0.0025062
-0.000873519
-0.00150881
-0.00155231
-0.0049724
-0.00306674
-0.000412373
-0.000848054
-0.000416024
-0.00350853
-0.000796072
-0.00209229
-0.00141269
-0.00343358
-0.00303709
-0.000738366
-0.000886138
-0.000877913
-0.00306232
-0.000830855
-0.000605043
-0.000458049
-0.00306572
-0.00282505
-0.000664551
-0.000910581
-0.000897593
-0.0019864
-0.00122358
-0.000953081
-0.000814984
-0.00276023
-0.00244587
-0.00053896
-0.000984217
-0.000481991
-0.00531182
-0.000976854
-0.00235038
-0.00127926
-0.00256494
-0.00248132
-0.00114493
-0.00119625
-0.00121656
-0.00267949
-0.00204946
-0.000671511
-0.00130029
-0.00233935
-0.00350536
-0.000457059
-0.000817876
-0.00108109
-0.00209004
-0.00135325
-0.000678569
-0.000728949
-0.0033136
-0.00328203
-0.000340649
-0.000590276
-0.000925177
-0.00130485
-0.000700714
-0.00052418
-0.000543946
-0.0029936
-0.00264359
-0.000997747
-0.000860525
-0.00132537
-0.00275263
-0.00165506
-0.000558577
-0.00117948
-0.00225527
-0.0027264
-0.000747153
-0.00062992
-0.00113425
-0.00210984
-0.000703478
-0.000997279
-0.000700628
-0.00233608
-0.00344318
-0.000414279
-0.000748374
-0.00124192
-0.00294552
-0.00129555
-0.00103746
-0.000682689
-0.00314515
-0.00378805
-0.000169751
-0.000249663
-0.000173209
-0.000367486
-0.000134039
-0.000231668
-0.000108325
-0.00378604
-0.00269531
-0.000609641
-0.00129551
-0.00236094
-0.00325183
-0.00118557
-0.00150521
-0.000819357
-0.00273108
-0.00151476
-7.32532e-005
-0.000342435
-0.000206437
-0.000499358
-3.11388e-005
-0.000152727
-7.14345e-005
-0.0018345
-0.00241607
-7.17504e-005
-0.000210461
-6.11114e-005
-0.000171109
-0.000138291
-0.000329095
-0.000114188
-0.00243531
-0.00309066
-0.000218738
-0.000402556
-0.000565008
-0.00091906
-0.000834671
-0.00067013
-0.000358284
-0.00318815
-0.00105166
-6.26808e-005
-0.000274695
-0.00010306
-0.00038402
-2.32086e-005
-0.000190198
-9.36364e-005
-0.00140304
-0.00218833
-3.29838e-005
-0.000249834
-0.000305383
-0.0012695
-0.000949139
-0.000798468
-0.000411773
-0.00227855
-0.00205886
-8.91629e-005
-0.000182593
-0.000152062
-0.000440192
-0.000410879
-0.000476768
-0.000269799
-0.00215737
-0.00220016
-0.000250896
-0.000371976
-0.000428113
-0.00190754
-0.00233699
-0.00172084
-0.00153981
-0.00240398
-0.00173586
-4.22208e-005
-0.000194174
-8.38285e-005
-0.000723868
-0.000486386
-0.000643062
-0.00046093
-0.00220789
-0.00129775
-0.000141669
-0.000358843
-0.000350237
-0.00150754
-0.00113932
-0.000861346
-0.000365128
-0.00138587
-0.000798201
-9.28357e-005
-0.000212493
-0.00014339
-0.00208174
-0.00182326
-0.00100902
-0.000765774
-0.00105601
-0.000521068
-5.50739e-005
-0.000170311
-0.000178887
-0.0022899
-0.00219496
-0.00118958
-0.00074695
-0.00087741
-0.00118856
-9.46179e-005
-0.000254691
-0.000161269
-0.00224997
-0.00165815
-0.000813621
-0.000302857
-0.00105057
-0.00200106
-0.000190154
-0.000597698
-0.000259904
-0.00246062
-0.00216542
-0.00112517
-0.000724013
-0.00179527
-0.00192652
-0.000438478
-0.000619747
-0.000705192
-0.00120397
-0.000940796
-0.000778246
-0.000658
-0.0020841
-0.00190677
-0.000128927
-0.000184434
-0.000336204
-0.00120186
-0.000884398
-0.00067064
-0.000584696
-0.00200385
-0.00462535
-0.000671492
-0.000711587
-0.000747655
-0.00137353
-0.00193882
-0.00184194
-0.00164322
-0.00436409
-0.00466907
-0.000597892
-0.000216651
-0.000397712
-0.00183929
-0.00262941
-0.00177352
-0.00174896
-0.00466306
-0.00151058
-8.78885e-005
-0.000108722
-0.000136291
-0.00108331
-0.000624995
-0.000370256
-0.00029128
-0.00157891
-0.0018339
-0.000189947
-0.000137625
-0.000184733
-0.000926663
-0.000786517
-9.51036e-005
-0.000142721
-0.00180502
-0.00504167
-0.000195842
-0.000118799
-0.00014146
-0.00185907
-0.00233787
-0.00143357
-0.00127048
-0.00503332
-0.00503908
-0.000561681
-0.000555018
-0.000610527
-0.00101182
-0.000754718
-0.000245292
-0.000273856
-0.00502034
-0.001469
-0.000216504
-0.000125963
-0.000239801
-0.00110723
-0.000879088
-0.000150692
-0.000187689
-0.00139359
-0.000619347
-9.2177e-005
-7.58537e-005
-0.000197464
-0.000599562
-0.000165929
-0.000173303
-0.000233515
-0.000693074
-0.00500359
-0.000572028
-0.000530024
-0.000656996
-0.00173822
-0.00169418
-0.000829503
-0.000650841
-0.00495354
-0.00496437
-0.000300834
-0.000328123
-0.000412475
-0.00217651
-0.0019653
-0.00126285
-0.00145031
-0.00495562
-0.00052231
-0.000134441
-0.000238357
-0.000599744
-0.000832118
-0.000110769
-0.000239122
-0.000208984
-0.000657205
-0.000605114
-5.57313e-005
-0.000203424
-0.000136124
-0.000380309
-0.000163789
-0.000209601
-9.78783e-005
-0.000596422
-0.00617606
-4.4906e-005
-0.000158387
-0.000425589
-0.00291272
-0.00136901
-0.00090523
-0.00230989
-0.00616036
-0.00390067
-0.000325234
-0.000485128
-0.000384176
-0.000564819
-0.000422999
-0.00029115
-0.000292494
-0.00390936
-0.000757709
-6.5245e-005
-0.000186373
-4.56279e-005
-0.000219616
-7.83541e-005
-0.000228216
-0.000109871
-0.000744286
-0.00125227
-8.64554e-005
-0.000237723
-0.000260876
-0.00115549
-0.0010618
-0.0010582
-0.000471034
-0.00139983
-0.00573347
-0.000518478
-0.000689197
-0.000389252
-0.000767598
-0.00139648
-0.00107311
-0.00107217
-0.00573124
-0.00525589
-0.00110131
-0.00134976
-0.000897008
-0.00185342
-0.00139112
-0.000949847
-0.00103435
-0.00603255
-0.000775532
-9.22719e-005
-0.000294233
-0.000179381
-0.000728541
-0.000451467
-0.000481271
-0.000173942
-0.000817986
-0.00137693
-0.000577997
-0.00138657
-0.00164019
-0.00237055
-0.00134522
-0.00125393
-0.000897619
-0.00125722
-0.00508773
-0.000845866
-0.00060058
-0.00039697
-0.00140271
-0.00115124
-0.00140402
-0.00134474
-0.00554209
-0.00646245
-0.000971378
-0.0016133
-0.00179882
-0.00285191
-0.00243623
-0.00173451
-0.00162818
-0.00663967
-0.000765577
-9.36036e-005
-0.000209749
-0.000171298
-0.00238767
-0.00102546
-0.000406513
-0.000160443
-0.000737987
-0.0012811
-0.000175124
-0.000397066
-0.000376371
-0.00286641
-0.0017168
-0.000645898
-0.000129614
-0.00119262
-0.00672323
-0.000525588
-0.00065974
-0.000834722
-0.00322472
-0.000990909
-0.000634131
-0.00120599
-0.00696597
-0.00418715
-0.00110614
-0.00102872
-0.00127658
-0.00364612
-0.00220954
-0.000991776
-0.000820815
-0.00438695
-0.00420936
-0.000832926
-0.00102568
-0.000853356
-0.00121663
-0.00198122
-0.00199103
-0.00183857
-0.0043023
-0.00463275
-0.000650973
-0.000826203
-0.000756018
-0.00172999
-0.00265492
-0.00229847
-0.00227825
-0.00467277
-0.00162457
-0.000360246
-0.000428405
-0.000335456
-0.00047061
-0.000539795
-0.000415531
-0.000301107
-0.00185485
-0.00215043
-0.000438892
-0.000501023
-0.00042898
-0.000655809
-0.00101761
-0.000655927
-0.000556373
-0.00216961
-0.00510109
-0.000282528
-0.0002495
-0.0002389
-0.000874283
-0.000772399
-0.000522484
-0.000513299
-0.00506731
-0.00505919
-0.000209124
-0.000222547
-0.000191961
-0.00109929
-0.00098415
-0.000215776
-0.000205416
-0.00502589
-0.00230127
-0.000150344
-0.000147577
-0.000149669
-0.000467259
-0.00027565
-0.000159276
-0.000161813
-0.0022847
-0.00227107
-0.000162824
-0.000218796
-0.000162232
-0.000872674
-0.000741077
-3.48034e-005
-4.40475e-005
-0.00228253
-0.00401955
-0.00036026
-0.000485623
-0.000442485
-0.00147411
-0.00175933
-0.000681358
-0.000589856
-0.00398244
-0.00381363
-0.000181211
-0.000237509
-0.000235411
-0.00202484
-0.00217777
-0.00165282
-0.00152772
-0.00397197
-0.00216267
-0.000234686
-0.000330973
-0.00028581
-0.000908171
-0.000827255
-0.000155336
-0.000219512
-0.0022678
-0.00325081
-0.000114398
-0.000145126
-0.000136778
-0.00173382
-0.00171297
-0.00114542
-0.000952541
-0.00344274
-0.00335127
2.30871e-006
-4.99504e-005
-0.00011388
-0.00156913
-0.00109598
-0.00102614
-0.000636047
-0.00359698
-0.00323749
-0.000195648
-0.00020872
-0.000254485
-0.000560847
-0.000596566
-0.000372204
-0.000306657
-0.00324458
-0.00376418
-3.05601e-005
-5.62523e-005
-6.40655e-005
-0.00195579
-0.00178707
-0.00180661
-0.000915213
-0.00386519
-0.00418123
-9.12096e-005
-6.78543e-005
-0.000109149
-0.000577333
-0.000475177
-0.000363539
-0.000240815
-0.00438297
-0.00296366
-0.000544807
-0.00067622
-0.000428054
-0.00056985
-0.00105602
-0.000630351
-0.000541438
-0.00295771
-0.00310059
-0.000552203
-0.00132898
-0.0011525
-0.00147723
-0.00145878
-0.00109172
-0.00081766
-0.00319228
-0.00408787
-0.000215638
-0.000170617
-0.000194855
-0.000568184
-0.000909012
-0.00053321
-0.000493459
-0.00430266
-0.00422237
-0.00039964
-0.000798982
-0.0005517
-0.00151103
-0.00118246
-0.00135593
-0.000866217
-0.0043767
-0.00332611
-0.000125047
-0.000455499
-0.000471275
-0.00088819
-0.000935893
-0.000664184
-0.00060103
-0.00340086
-0.00362057
-0.000691949
-0.00138475
-0.0011377
-0.0028075
-0.00178243
-0.00167167
-0.00100466
-0.00370464
-0.00394314
-0.00024744
-0.000249008
-0.000254662
-0.00170982
-0.0012095
-0.00128137
-0.00104641
-0.00393473
-0.00418474
-0.000712285
-0.00094953
-0.000610363
-0.00412651
-0.00295565
-0.00236391
-0.00122921
-0.00435986
-0.00344229
-0.000525785
-0.000668869
-0.000707412
-0.00266564
-0.000895476
-0.000775352
-0.00042463
-0.00318234
-0.00258684
-0.00052922
-0.000837323
-0.00129651
-0.00350831
-0.00169837
-0.000921434
-0.0005408
-0.00268859
-0.00331219
-0.000509026
-0.000661704
-0.000619631
-0.00455406
-0.0021277
-0.00204038
-0.00135931
-0.00291977
-0.00219671
-0.000227092
-0.000482854
-0.00103794
-0.00517252
-0.00291809
-0.00226471
-0.00167328
-0.00220513
-0.735014
